 110241	
 110250	
 120268	
 110222	
 120203	
 120205	
 125003	
 125007	
 110221	
 110223	
 120269	
 110221	
 110223	
 120269	
 110221	
 110223	
 120269	
 120268	
 110222	
 120203	
 120205	
 125003	
 125007	
 120268	
 110222	
 120203	
 120205	
 125003	
 125007	
 120268	
 110222	
 120203	
 120205	
 125003	
 125007	
 120268	
 110222	
 120203	
 120205	
 125003	
 125007	
 110221	
 110223	
 120269	
 120268	
 110222	
 120203	
 120205	
 125003	
 125007	
 120268	
 110222	
 120203	
 120205	
 125003	
 125007	
 120268	
 110222	
 120203	
 120205	
 125003	
 125007	
 120268	
 110222	
 120203	
 120205	
 125003	
 125007	
 120268	
 110222	
 120203	
 120205	
 125003	
 125007	
 120268	
 110222	
 120203	
 120205	
 125003	
 125007	
 120268	
 110222	
 120203	
 120205	
 125003	
 125007	
 120268	
 110222	
 120203	
 120205	
 125003	
 125007	
 120268	
 110222	
 120203	
 120205	
 125003	
 125007	
 110241	
 110250	
 110241	
 110250	
 110223	
 120269	
 110241	
 110250	
 110223	
 120269	
 110241	
 110250	
 110223	
 120269	
 120268	
 110222	
 120203	
 120205	
 125003	
 125007	
 120268	
 110222	
 120203	
 120205	
 125003	
 125007	
 120268	
 110222	
 120203	
 120205	
 125003	
 125007	
 120268	
 110222	
 120203	
 120205	
 125003	
 125007	
 110221	
 110223	
 120269	
 120268	
 110222	
 120203	
 120205	
 125003	
 125007	
 120268	
 110222	
 120203	
 120205	
 125003	
 125007	
